f0, a1, a2, a3, a4, a5, a6
50.474238, .94, 9.694, 8.90, .0, 2.400, 7.900
50.987749, 2.46, 8.694, 9.10, .0, 2.200, 7.800
51.503350, 6.08, 7.744, 9.40, .0, 1.970, 7.740
52.021410, 14.14, 6.844, 9.70, .0, 1.660, 7.640
52.542394, 31.02, 6.004, 9.90, .0, 1.360, 7.510
53.066907, 64.10, 5.224, 10.20, .0, 1.310, 7.140
53.595749, 124.70, 4.484, 10.50, .0, 2.300, 5.840
54.130000, 228.00, 3.814, 10.70, .0, 3.350, 4.310
54.671159, 391.80, 3.194, 11.00, .0, 3.740, 3.050
55.221367, 631.60, 2.624, 11.30, .0, 2.580, 3.390
55.783802, 953.50, 2.119, 11.70, .0, -1.660, 7.050
56.264775, 548.90, .015, 17.30, .0, 3.900, -1.130
56.363389, 1, 344.00, 1.660, 12.00, .0, -2.970, 7.530
56.968206, 1, 763.00, 1.260, 12.40, .0, -4.160, 7.420
57.612484, 2, 141.00, .915, 12.80, .0, -6.130, 6.970
58.323877, 2, 386.00, .626, 13.30, .0, -2.050, .510
58.446590, 1, 457.00, .084, 15.20, .0, 7.480, -1.460
59.164207, 2, 404.00, .391, 13.90, .0, -7.220, 2.660
59.590983, 2, 112.00, .212, 14.30, .0, 7.650, -.900
60.306061, 2, 124.00, .212, 14.50, .0, -7.050, .810
60.434776, 2, 461.00, .391, 13.60, .0, 6.970, -3.240
61.150560, 2, 504.00, .626, 13.10, .0, 1.040, -.670
61.800154, 2, 298.00, .915, 12.70, .0, 5.700, -7.610
62.411215, 1, 933.00, 1.260, 12.30, .0, 3.600, -7.770
62.486260, 1, 517.00, .083, 15.40, .0, -4.980, .970
62.997977, 1, 503.00, 1.665, 12.00, .0, 2.390, -7.680
63.568518, 1, 087.00, 2.115, 11.70, .0, 1.080, -7.060
64.127767, 733.50, 2.620, 11.30, .0, -3.110, -3.320
64.678903, 463.50, 3.195, 11.00, .0, -4.210, -2.980
65.224071, 274.80, 3.815, 10.70, .0, -3.750, -4.230
65.764772, 153.00, 4.485, 10.50, .0, -2.670, -5.750
66.302091, 80.09, 5.225, 10.20, .0, -1.680, -7.000
66.836830, 39.46, 6.005, 9.90, .0, -1.690, -7.350
67.369598, 18.32, 6.845, 9.70, .0, -2.000, -7.440
67.900867, 8.01, 7.745, 9.40, .0, -2.280, -7.530
68.431005, 3.30, 8.695, 9.20, .0, -2.400, -7.600
68.960311, 1.28, 9.695, 9.00, .0, -2.500, -7.650
118.750343, 945.00, .009, 16.30, .0, -.360, .090
368.498350, 67.90, .049, 19.20, .6, .000, .000
424.763124, 638.00, .044, 19.30, .6, .000, .000
487.249370, 235.00, .049, 19.20, .6, .000, .000
715.393150, 99.60, .145, 18.10, .6, .000, .000
773.839675, 671.00, .130, 18.20, .6, .000, .000
834.145330, 180.00, .147, 18.10, .6, .000, .000, 