f, a0, b0, c0, d0
1.00,-2.700258e+00,2.724587e-02,5.971574e-04,5.130385e-04
1.50,-2.462805e+00,2.715168e-02,-1.203684e-05,-7.200561e-05
2.00,-2.378094e+00,2.717326e-02,-2.529529e-04,-2.835906e-04
2.50,-2.338989e+00,2.719666e-02,-3.702004e-04,-3.836344e-04
3.00,-2.318075e+00,2.721466e-02,-4.355725e-04,-4.391716e-04
3.50,-2.305844e+00,2.722870e-02,-4.756334e-04,-4.736482e-04
4.00,-2.298307e+00,2.724034e-02,-5.019467e-04,-4.969635e-04
4.50,-2.293550e+00,2.725062e-02,-5.201752e-04,-5.138778e-04
5.00,-2.290567e+00,2.726019e-02,-5.333499e-04,-5.269089e-04
5.50,-2.288783e+00,2.726944e-02,-5.432096e-04,-5.374891e-04
6.00,-2.287853e+00,2.727865e-02,-5.508087e-04,-5.464816e-04
6.50,-2.287558e+00,2.728797e-02,-5.568161e-04,-5.544314e-04
7.00,-2.287754e+00,2.729753e-02,-5.616726e-04,-5.616960e-04
7.50,-2.288343e+00,2.730739e-02,-5.656783e-04,-5.685178e-04
8.00,-2.289256e+00,2.731762e-02,-5.690426e-04,-5.750656e-04
8.50,-2.290444e+00,2.732823e-02,-5.719159e-04,-5.814595e-04
9.00,-2.291868e+00,2.733927e-02,-5.744078e-04,-5.877869e-04
9.50,-2.293501e+00,2.735073e-02,-5.766000e-04,-5.941126e-04
10.00,-2.295323e+00,2.736264e-02,-5.785541e-04,-6.004850e-04
10.50,-2.297315e+00,2.737499e-02,-5.803175e-04,-6.069411e-04
11.00,-2.299464e+00,2.738779e-02,-5.819270e-04,-6.135092e-04
11.50,-2.301760e+00,2.740104e-02,-5.834114e-04,-6.202112e-04
12.00,-2.304192e+00,2.741473e-02,-5.847938e-04,-6.270643e-04
12.50,-2.306753e+00,2.742886e-02,-5.860924e-04,-6.340820e-04
13.00,-2.309437e+00,2.744343e-02,-5.873221e-04,-6.412749e-04
13.50,-2.312237e+00,2.745843e-02,-5.884950e-04,-6.486515e-04
14.00,-2.315150e+00,2.747385e-02,-5.896209e-04,-6.562182e-04
14.50,-2.318169e+00,2.748969e-02,-5.907080e-04,-6.639805e-04
15.00,-2.321292e+00,2.750593e-02,-5.917632e-04,-6.719425e-04
15.50,-2.324515e+00,2.752258e-02,-5.927920e-04,-6.801074e-04
16.00,-2.327834e+00,2.753963e-02,-5.937992e-04,-6.884778e-04
16.50,-2.331246e+00,2.755706e-02,-5.947888e-04,-6.970555e-04
17.00,-2.334749e+00,2.757487e-02,-5.957642e-04,-7.058420e-04
17.50,-2.338340e+00,2.759306e-02,-5.967282e-04,-7.148383e-04
18.00,-2.342016e+00,2.761161e-02,-5.976833e-04,-7.240451e-04
18.50,-2.345776e+00,2.763052e-02,-5.986316e-04,-7.334629e-04
19.00,-2.349618e+00,2.764978e-02,-5.995750e-04,-7.430917e-04
19.50,-2.353538e+00,2.766938e-02,-6.005149e-04,-7.529316e-04
20.00,-2.357536e+00,2.768932e-02,-6.014528e-04,-7.629822e-04
20.50,-2.361609e+00,2.770959e-02,-6.023898e-04,-7.732432e-04
21.00,-2.365746e+00,2.773016e-02,-6.033235e-04,-7.838064e-04
21.50,-2.369975e+00,2.775110e-02,-6.042653e-04,-7.943943e-04
22.00,-2.374265e+00,2.777232e-02,-6.052056e-04,-8.052829e-04
22.50,-2.378623e+00,2.779384e-02,-6.061485e-04,-8.163790e-04
23.00,-2.383048e+00,2.781566e-02,-6.070948e-04,-8.276816e-04
23.50,-2.387540e+00,2.783777e-02,-6.080449e-04,-8.391895e-04
24.00,-2.392095e+00,2.786017e-02,-6.089996e-04,-8.509016e-04
24.50,-2.396713e+00,2.788285e-02,-6.099593e-04,-8.628164e-04
25.00,-2.401392e+00,2.790579e-02,-6.109244e-04,-8.749324e-04
25.50,-2.406131e+00,2.792900e-02,-6.118955e-04,-8.872479e-04
26.00,-2.410927e+00,2.795246e-02,-6.128728e-04,-8.997612e-04
26.50,-2.415780e+00,2.797618e-02,-6.138569e-04,-9.124702e-04
27.00,-2.420687e+00,2.800013e-02,-6.148481e-04,-9.253729e-04
27.50,-2.425647e+00,2.802432e-02,-6.158468e-04,-9.384668e-04
28.00,-2.430657e+00,2.804874e-02,-6.168533e-04,-9.517493e-04
28.50,-2.435715e+00,2.807337e-02,-6.178681e-04,-9.652176e-04
29.00,-2.440820e+00,2.809820e-02,-6.188914e-04,-9.788686e-04
29.50,-2.445968e+00,2.812322e-02,-6.199237e-04,-9.926989e-04
30.00,-2.451157e+00,2.814843e-02,-6.209652e-04,-1.006705e-03
30.50,-2.456383e+00,2.817380e-02,-6.220164e-04,-1.020882e-03
31.00,-2.461645e+00,2.819933e-02,-6.230776e-04,-1.035226e-03
31.50,-2.466936e+00,2.822499e-02,-6.241492e-04,-1.049731e-03
32.00,-2.472255e+00,2.825077e-02,-6.252315e-04,-1.064393e-03
32.50,-2.477595e+00,2.827664e-02,-6.263250e-04,-1.079205e-03
33.00,-2.482952e+00,2.830259e-02,-6.274301e-04,-1.094160e-03
33.50,-2.488321e+00,2.832858e-02,-6.285472e-04,-1.109250e-03
34.00,-2.493693e+00,2.835459e-02,-6.296766e-04,-1.124467e-03
34.50,-2.499063e+00,2.838058e-02,-6.308188e-04,-1.139802e-03
35.00,-2.504421e+00,2.840651e-02,-6.319744e-04,-1.155244e-03
35.50,-2.509758e+00,2.843235e-02,-6.331437e-04,-1.170781e-03
36.00,-2.515063e+00,2.845803e-02,-6.343272e-04,-1.186400e-03
36.50,-2.520323e+00,2.848351e-02,-6.355255e-04,-1.202086e-03
37.00,-2.525524e+00,2.850872e-02,-6.367390e-04,-1.217823e-03
37.50,-2.530650e+00,2.853358e-02,-6.379683e-04,-1.233591e-03
38.00,-2.535681e+00,2.855801e-02,-6.392139e-04,-1.249369e-03
38.50,-2.540595e+00,2.858191e-02,-6.404764e-04,-1.265134e-03
39.00,-2.545366e+00,2.860515e-02,-6.417563e-04,-1.280858e-03
39.50,-2.549964e+00,2.862760e-02,-6.430543e-04,-1.296508e-03
40.00,-2.554353e+00,2.864910e-02,-6.443708e-04,-1.312051e-03
40.50,-2.558492e+00,2.866947e-02,-6.457065e-04,-1.327444e-03
41.00,-2.562329e+00,2.868847e-02,-6.470617e-04,-1.342640e-03
41.50,-2.565807e+00,2.870583e-02,-6.484371e-04,-1.357585e-03
42.00,-2.568853e+00,2.872124e-02,-6.498328e-04,-1.372215e-03
42.50,-2.571379e+00,2.873430e-02,-6.512490e-04,-1.386455e-03
43.00,-2.573279e+00,2.874452e-02,-6.526856e-04,-1.400218e-03
43.50,-2.574421e+00,2.875133e-02,-6.541420e-04,-1.413402e-03
44.00,-2.574641e+00,2.875398e-02,-6.556169e-04,-1.425886e-03
44.50,-2.573729e+00,2.875154e-02,-6.571084e-04,-1.437523e-03
45.00,-2.571417e+00,2.874281e-02,-6.586126e-04,-1.448142e-03
45.50,-2.567355e+00,2.872624e-02,-6.601237e-04,-1.457533e-03
46.00,-2.561074e+00,2.869975e-02,-6.616317e-04,-1.465444e-03
46.50,-2.551933e+00,2.866051e-02,-6.631205e-04,-1.471570e-03
47.00,-2.539025e+00,2.860452e-02,-6.645626e-04,-1.475542e-03
47.50,-2.521017e+00,2.852592e-02,-6.659091e-04,-1.476919e-03
48.00,-2.495838e+00,2.841564e-02,-6.670666e-04,-1.475172e-03
48.50,-2.460026e+00,2.825847e-02,-6.678321e-04,-1.469660e-03
49.00,-2.407158e+00,2.802601e-02,-6.676717e-04,-1.459266e-03
49.50,-2.323643e+00,2.765616e-02,-6.646817e-04,-1.438567e-03
50.00,-2.181135e+00,2.700265e-02,-6.497764e-04,-1.354873e-03
50.50,-1.965792e+00,2.597955e-02,-6.115973e-04,-9.553682e-04
51.00,-1.680298e+00,2.465202e-02,-5.616553e-04,-2.626463e-04
51.50,-1.325805e+00,2.355260e-02,-6.127006e-04,1.014900e-03
52.00,-1.127561e+00,2.199826e-02,-3.966258e-04,2.428849e-03
52.50,-1.001601e+00,2.124219e-02,-2.582798e-04,4.283698e-03
53.00,-9.929553e-01,2.125811e-02,-1.291180e-04,6.155893e-03
53.50,-1.080925e+00,2.194315e-02,9.481092e-06,7.793931e-03
54.00,-1.262827e+00,2.318681e-02,1.824770e-04,9.094853e-03
54.50,-1.549949e+00,2.491395e-02,4.046114e-04,9.962579e-03
55.00,-1.952223e+00,2.718364e-02,6.617421e-04,1.033374e-02
55.50,-2.458929e+00,3.057316e-02,8.542458e-04,1.047960e-02
56.00,-2.937370e+00,3.780958e-02,3.847081e-04,1.261644e-02
56.50,-3.699205e+00,4.443758e-02,1.431234e-04,1.230486e-02
57.00,-3.952374e+00,5.616177e-02,-1.196402e-03,1.047189e-02
57.50,-5.606724e+00,5.398343e-02,1.658197e-04,1.047172e-02
58.00,-6.552047e+00,5.292149e-02,1.071884e-03,9.371301e-03
58.50,-8.170526e+00,7.771400e-02,-1.846478e-03,1.894238e-02
59.00,-7.778674e+00,6.400148e-02,1.828318e-05,1.177257e-02
59.50,-8.314003e+00,7.218434e-02,-1.005851e-03,1.512400e-02
60.00,-7.941512e+00,6.119364e-02,7.491215e-04,1.028247e-02
60.50,-8.966847e+00,8.310091e-02,-2.064151e-03,1.990403e-02
61.00,-7.075476e+00,5.862327e-02,5.221299e-04,1.062754e-02
61.50,-6.304405e+00,5.030268e-02,1.363858e-03,8.793175e-03
62.00,-5.921686e+00,5.091546e-02,1.141461e-03,1.080601e-02
62.50,-3.953507e+00,7.374585e-02,-3.471873e-03,2.267021e-02
63.00,-3.042355e-01,5.772609e-02,-3.975279e-03,1.375382e-02
63.50,-2.157185e+00,3.570960e-02,1.976093e-04,8.726418e-03
64.00,-2.008556e+00,2.978140e-02,5.043695e-04,9.707864e-03
64.50,-1.808407e+00,2.641403e-02,5.209082e-04,1.027974e-02
65.00,-1.612850e+00,2.410110e-02,4.404320e-04,1.020648e-02
65.50,-1.431610e+00,2.243931e-02,3.098257e-04,9.558947e-03
66.00,-1.264377e+00,2.129235e-02,1.576192e-04,8.394907e-03
66.50,-1.128323e+00,2.067409e-02,-4.675878e-06,6.746646e-03
67.00,-1.069759e+00,2.072630e-02,-1.774089e-04,4.705404e-03
67.50,-1.150791e+00,2.157172e-02,-3.508820e-04,2.542882e-03
68.00,-1.387003e+00,2.310007e-02,-5.074020e-04,6.219650e-04
68.50,-1.726357e+00,2.496528e-02,-6.321004e-04,-8.052972e-04
69.00,-2.086606e+00,2.679256e-02,-7.238590e-04,-1.730541e-03
69.50,-2.382560e+00,2.820331e-02,-7.756333e-04,-2.295188e-03
70.00,-2.592492e+00,2.916126e-02,-7.958885e-04,-2.444973e-03
70.50,-2.729634e+00,2.977162e-02,-8.019511e-04,-2.522998e-03
71.00,-2.828868e+00,3.021282e-02,-8.046727e-04,-2.588993e-03
71.50,-2.906667e+00,3.056008e-02,-8.063990e-04,-2.649481e-03
72.00,-2.970905e+00,3.084823e-02,-8.078029e-04,-2.705738e-03
72.50,-3.025851e+00,3.109597e-02,-8.091306e-04,-2.758537e-03
73.00,-3.074140e+00,3.131470e-02,-8.104904e-04,-2.808016e-03
73.50,-3.117395e+00,3.151160e-02,-8.119257e-04,-2.854971e-03
74.00,-3.156779e+00,3.169170e-02,-8.134581e-04,-2.899635e-03
74.50,-3.193109e+00,3.185856e-02,-8.150948e-04,-2.942300e-03
75.00,-3.226985e+00,3.201481e-02,-8.168366e-04,-2.983210e-03
75.50,-3.258858e+00,3.216242e-02,-8.186808e-04,-3.022565e-03
76.00,-3.289076e+00,3.230289e-02,-8.206229e-04,-3.060527e-03
76.50,-3.317909e+00,3.243743e-02,-8.226576e-04,-3.097235e-03
77.00,-3.345555e+00,3.256693e-02,-8.247782e-04,-3.132929e-03
77.50,-3.372239e+00,3.269225e-02,-8.269827e-04,-3.167317e-03
78.00,-3.398047e+00,3.281390e-02,-8.292623e-04,-3.200862e-03
78.50,-3.423110e+00,3.293241e-02,-8.316131e-04,-3.233501e-03
79.00,-3.447521e+00,3.304818e-02,-8.340301e-04,-3.265287e-03
79.50,-3.471356e+00,3.316156e-02,-8.365088e-04,-3.296266e-03
80.00,-3.494679e+00,3.327281e-02,-8.390450e-04,-3.326474e-03
80.50,-3.517542e+00,3.338218e-02,-8.416345e-04,-3.355942e-03
81.00,-3.539987e+00,3.348984e-02,-8.442736e-04,-3.384696e-03
81.50,-3.562052e+00,3.359597e-02,-8.469586e-04,-3.412756e-03
82.00,-3.583764e+00,3.370068e-02,-8.496860e-04,-3.440140e-03
82.50,-3.605148e+00,3.380408e-02,-8.524524e-04,-3.466861e-03
83.00,-3.626223e+00,3.390627e-02,-8.552547e-04,-3.492930e-03
83.50,-3.647004e+00,3.400729e-02,-8.580897e-04,-3.518356e-03
84.00,-3.667503e+00,3.410722e-02,-8.609544e-04,-3.543146e-03
84.50,-3.687727e+00,3.420609e-02,-8.638458e-04,-3.567305e-03
85.00,-3.707683e+00,3.430392e-02,-8.667609e-04,-3.590836e-03
85.50,-3.727374e+00,3.440072e-02,-8.696967e-04,-3.613743e-03
86.00,-3.746800e+00,3.449652e-02,-8.726503e-04,-3.636028e-03
86.50,-3.765962e+00,3.459130e-02,-8.756187e-04,-3.657693e-03
87.00,-3.784856e+00,3.468506e-02,-8.785989e-04,-3.678737e-03
87.50,-3.803478e+00,3.477777e-02,-8.815878e-04,-3.699163e-03
88.00,-3.821821e+00,3.486942e-02,-8.845822e-04,-3.718971e-03
88.50,-3.839879e+00,3.495997e-02,-8.875790e-04,-3.738162e-03
89.00,-3.857643e+00,3.504938e-02,-8.905748e-04,-3.756737e-03
89.50,-3.875103e+00,3.513763e-02,-8.935661e-04,-3.774698e-03
90.00,-3.892248e+00,3.522465e-02,-8.965493e-04,-3.792046e-03
90.50,-3.909065e+00,3.531040e-02,-8.995206e-04,-3.808785e-03
91.00,-3.925542e+00,3.539482e-02,-9.024760e-04,-3.824919e-03
91.50,-3.941664e+00,3.547785e-02,-9.054113e-04,-3.840450e-03
92.00,-3.957418e+00,3.555943e-02,-9.083220e-04,-3.855386e-03
92.50,-3.972786e+00,3.563948e-02,-9.112036e-04,-3.869731e-03
93.00,-3.987753e+00,3.571795e-02,-9.140508e-04,-3.883495e-03
93.50,-4.002301e+00,3.579475e-02,-9.168585e-04,-3.896687e-03
94.00,-4.016414e+00,3.586980e-02,-9.196208e-04,-3.909316e-03
94.50,-4.030073e+00,3.594303e-02,-9.223315e-04,-3.921395e-03
95.00,-4.043260e+00,3.601435e-02,-9.249840e-04,-3.932938e-03
95.50,-4.055956e+00,3.608367e-02,-9.275712e-04,-3.943960e-03
96.00,-4.068143e+00,3.615092e-02,-9.300851e-04,-3.954478e-03
96.50,-4.079803e+00,3.621601e-02,-9.325174e-04,-3.964511e-03
97.00,-4.090916e+00,3.627884e-02,-9.348587e-04,-3.974079e-03
97.50,-4.101466e+00,3.633933e-02,-9.370990e-04,-3.983205e-03
98.00,-4.111436e+00,3.639739e-02,-9.392271e-04,-3.991913e-03
98.50,-4.120809e+00,3.645294e-02,-9.412308e-04,-4.000229e-03
99.00,-4.129570e+00,3.650590e-02,-9.430964e-04,-4.008180e-03
99.50,-4.137708e+00,3.655618e-02,-9.448091e-04,-4.015795e-03
100.00,-4.145210e+00,3.660372e-02,-9.463520e-04,-4.023103e-03
100.50,-4.152067e+00,3.664845e-02,-9.477064e-04,-4.030136e-03
101.00,-4.158260e+00,3.669027e-02,-9.488494e-04,-4.037054e-03
101.50,-4.163833e+00,3.672923e-02,-9.497631e-04,-4.043501e-03
102.00,-4.168740e+00,3.676519e-02,-9.504148e-04,-4.049895e-03
102.50,-4.173005e+00,3.679817e-02,-9.507759e-04,-4.056136e-03
103.00,-4.176641e+00,3.682814e-02,-9.508115e-04,-4.062252e-03
103.50,-4.179667e+00,3.685511e-02,-9.504814e-04,-4.068266e-03
104.00,-4.182111e+00,3.687912e-02,-9.497391e-04,-4.074197e-03
104.50,-4.184010e+00,3.690020e-02,-9.485304e-04,-4.080059e-03
105.00,-4.185410e+00,3.691845e-02,-9.467921e-04,-4.085856e-03
105.50,-4.186373e+00,3.693395e-02,-9.444494e-04,-4.091582e-03
106.00,-4.186971e+00,3.694687e-02,-9.414136e-04,-4.097216e-03
106.50,-4.187296e+00,3.695737e-02,-9.375788e-04,-4.102720e-03
107.00,-4.187460e+00,3.696568e-02,-9.328171e-04,-4.108036e-03
107.50,-4.187597e+00,3.697209e-02,-9.269731e-04,-4.113075e-03
108.00,-4.187871e+00,3.697693e-02,-9.198562e-04,-4.117713e-03
108.50,-4.188483e+00,3.698062e-02,-9.112301e-04,-4.121781e-03
109.00,-4.189676e+00,3.698365e-02,-9.007995e-04,-4.125050e-03
109.50,-4.191752e+00,3.698662e-02,-8.881904e-04,-4.127214e-03
110.00,-4.195082e+00,3.699027e-02,-8.729240e-04,-4.127866e-03
110.50,-4.200138e+00,3.699553e-02,-8.543794e-04,-4.126463e-03
111.00,-4.207523e+00,3.700353e-02,-8.317393e-04,-4.122271e-03
111.50,-4.218024e+00,3.701577e-02,-8.039116e-04,-4.114297e-03
112.00,-4.232692e+00,3.703422e-02,-7.694113e-04,-4.101167e-03
112.50,-4.252970e+00,3.706163e-02,-7.261810e-04,-4.080948e-03
113.00,-4.280898e+00,3.710190e-02,-6.713080e-04,-4.050853e-03
113.50,-4.319456e+00,3.716096e-02,-6.005703e-04,-4.006741e-03
114.00,-4.373168e+00,3.724817e-02,-5.076818e-04,-3.942241e-03
114.50,-4.449211e+00,3.737932e-02,-3.829976e-04,-3.847107e-03
115.00,-4.559548e+00,3.758276e-02,-2.112151e-04,-3.703963e-03
115.50,-4.725358e+00,3.791350e-02,3.285812e-05,-3.481288e-03
116.00,-4.986906e+00,3.848820e-02,3.923312e-04,-3.116662e-03
116.50,-5.427830e+00,3.958245e-02,9.436323e-04,-2.470857e-03
117.00,-6.242421e+00,4.193840e-02,1.824386e-03,-1.175905e-03
117.50,-7.953747e+00,4.791476e-02,3.265953e-03,2.017246e-03
118.00,-1.230856e+01,6.689681e-02,5.464526e-03,1.319174e-02
118.50,-2.781343e+01,1.528955e-01,6.693625e-03,7.529415e-02
118.75,-5.554675e+01,4.334093e-01,-2.091040e-03,1.629390e-01
119.00,-2.790747e+01,1.533818e-01,6.689636e-03,7.557625e-02
119.50,-1.237248e+01,6.718028e-02,5.470551e-03,1.320081e-02
120.00,-8.010921e+00,4.817338e-02,3.269361e-03,1.944917e-03
120.50,-6.301105e+00,4.221760e-02,1.823607e-03,-1.288074e-03
121.00,-5.491564e+00,3.989863e-02,9.388694e-04,-2.613144e-03
121.50,-5.057510e+00,3.884903e-02,3.838999e-04,-3.285725e-03
122.00,-4.803918e+00,3.832339e-02,2.098062e-05,-3.675269e-03
122.50,-4.646795e+00,3.804472e-02,-2.264051e-04,-3.921314e-03
123.00,-4.545693e+00,3.789566e-02,-4.014299e-04,-4.086262e-03
123.50,-4.479341e+00,3.782087e-02,-5.293297e-04,-4.201523e-03
124.00,-4.435724e+00,3.779186e-02,-6.254377e-04,-4.284343e-03
124.50,-4.407647e+00,3.779280e-02,-6.994201e-04,-4.344846e-03
125.00,-4.390579e+00,3.781430e-02,-7.575787e-04,-4.389301e-03
125.50,-4.381546e+00,3.785050e-02,-8.041469e-04,-4.421764e-03
126.00,-4.378519e+00,3.789754e-02,-8.420454e-04,-4.444961e-03
126.50,-4.380071e+00,3.795273e-02,-8.733375e-04,-4.460785e-03
127.00,-4.385166e+00,3.801417e-02,-8.995119e-04,-4.470589e-03
127.50,-4.393035e+00,3.808043e-02,-9.216632e-04,-4.475368e-03
128.00,-4.403089e+00,3.815041e-02,-9.406097e-04,-4.475871e-03
128.50,-4.414874e+00,3.822325e-02,-9.569724e-04,-4.472677e-03
129.00,-4.428027e+00,3.829823e-02,-9.712293e-04,-4.466241e-03
129.50,-4.442258e+00,3.837477e-02,-9.837526e-04,-4.456932e-03
130.00,-4.457329e+00,3.845240e-02,-9.948357e-04,-4.445051e-03
130.50,-4.473044e+00,3.853070e-02,-1.004712e-03,-4.430851e-03
131.00,-4.489240e+00,3.860930e-02,-1.013569e-03,-4.414548e-03
131.50,-4.505779e+00,3.868790e-02,-1.021558e-03,-4.396328e-03
132.00,-4.522545e+00,3.876625e-02,-1.028804e-03,-4.376354e-03
132.50,-4.539438e+00,3.884409e-02,-1.035409e-03,-4.354770e-03
133.00,-4.556376e+00,3.892124e-02,-1.041456e-03,-4.331706e-03
133.50,-4.573284e+00,3.899752e-02,-1.047018e-03,-4.307280e-03
134.00,-4.590101e+00,3.907278e-02,-1.052152e-03,-4.281596e-03
134.50,-4.606774e+00,3.914687e-02,-1.056909e-03,-4.254754e-03
135.00,-4.623257e+00,3.921970e-02,-1.061330e-03,-4.226842e-03
135.50,-4.639511e+00,3.929116e-02,-1.065453e-03,-4.197944e-03
136.00,-4.655504e+00,3.936116e-02,-1.069307e-03,-4.168137e-03
136.50,-4.671207e+00,3.942964e-02,-1.072918e-03,-4.137493e-03
137.00,-4.686596e+00,3.949654e-02,-1.076311e-03,-4.106079e-03
137.50,-4.701652e+00,3.956180e-02,-1.079505e-03,-4.073956e-03
138.00,-4.716358e+00,3.962540e-02,-1.082516e-03,-4.041185e-03
138.50,-4.730700e+00,3.968730e-02,-1.085360e-03,-4.007819e-03
139.00,-4.744669e+00,3.974747e-02,-1.088051e-03,-3.973909e-03
139.50,-4.758255e+00,3.980590e-02,-1.090599e-03,-3.939506e-03
140.00,-4.771453e+00,3.986258e-02,-1.093016e-03,-3.904652e-03
140.50,-4.784257e+00,3.991751e-02,-1.095310e-03,-3.869393e-03
141.00,-4.796666e+00,3.997068e-02,-1.097490e-03,-3.833766e-03
141.50,-4.808676e+00,4.002210e-02,-1.099562e-03,-3.797811e-03
142.00,-4.820289e+00,4.007178e-02,-1.101534e-03,-3.761563e-03
142.50,-4.831504e+00,4.011972e-02,-1.103411e-03,-3.725056e-03
143.00,-4.842324e+00,4.016594e-02,-1.105198e-03,-3.688320e-03
143.50,-4.852752e+00,4.021046e-02,-1.106901e-03,-3.651385e-03
144.00,-4.862790e+00,4.025330e-02,-1.108523e-03,-3.614280e-03
144.50,-4.872443e+00,4.029447e-02,-1.110069e-03,-3.577031e-03
145.00,-4.881714e+00,4.033400e-02,-1.111542e-03,-3.539662e-03
145.50,-4.890609e+00,4.037192e-02,-1.112946e-03,-3.502198e-03
146.00,-4.899134e+00,4.040824e-02,-1.114283e-03,-3.464659e-03
146.50,-4.907294e+00,4.044299e-02,-1.115557e-03,-3.427067e-03
147.00,-4.915094e+00,4.047621e-02,-1.116771e-03,-3.389441e-03
147.50,-4.922542e+00,4.050791e-02,-1.117925e-03,-3.351800e-03
148.00,-4.929643e+00,4.053813e-02,-1.119024e-03,-3.314161e-03
148.50,-4.936404e+00,4.056689e-02,-1.120068e-03,-3.276541e-03
149.00,-4.942832e+00,4.059422e-02,-1.121061e-03,-3.238954e-03
149.50,-4.948932e+00,4.062016e-02,-1.122003e-03,-3.201415e-03
150.00,-4.954713e+00,4.064472e-02,-1.122897e-03,-3.163938e-03
150.50,-4.960181e+00,4.066794e-02,-1.123745e-03,-3.126536e-03
151.00,-4.965326e+00,4.068982e-02,-1.124545e-03,-3.089359e-03
151.50,-4.970205e+00,4.071049e-02,-1.125305e-03,-3.052004e-03
152.00,-4.974774e+00,4.072986e-02,-1.126021e-03,-3.014896e-03
152.50,-4.979058e+00,4.074801e-02,-1.126696e-03,-2.977906e-03
153.00,-4.983063e+00,4.076497e-02,-1.127331e-03,-2.941046e-03
153.50,-4.986795e+00,4.078075e-02,-1.127928e-03,-2.904322e-03
154.00,-4.990261e+00,4.079540e-02,-1.128487e-03,-2.867744e-03
154.50,-4.993468e+00,4.080893e-02,-1.129011e-03,-2.831319e-03
155.00,-4.996423e+00,4.082137e-02,-1.129499e-03,-2.795055e-03
155.50,-4.999131e+00,4.083276e-02,-1.129953e-03,-2.758959e-03
156.00,-5.001599e+00,4.084312e-02,-1.130374e-03,-2.723036e-03
156.50,-5.003833e+00,4.085246e-02,-1.130763e-03,-2.687294e-03
157.00,-5.005839e+00,4.086083e-02,-1.131120e-03,-2.651737e-03
157.50,-5.007624e+00,4.086824e-02,-1.131448e-03,-2.616370e-03
158.00,-5.009193e+00,4.087473e-02,-1.131745e-03,-2.581200e-03
158.50,-5.010552e+00,4.088030e-02,-1.132015e-03,-2.546229e-03
159.00,-5.011706e+00,4.088499e-02,-1.132256e-03,-2.511463e-03
159.50,-5.012662e+00,4.088883e-02,-1.132470e-03,-2.476906e-03
160.00,-5.013424e+00,4.089183e-02,-1.132658e-03,-2.442560e-03
160.50,-5.013999e+00,4.089401e-02,-1.132820e-03,-2.408429e-03
161.00,-5.014391e+00,4.089541e-02,-1.132958e-03,-2.374517e-03
161.50,-5.014605e+00,4.089604e-02,-1.133071e-03,-2.340825e-03
162.00,-5.014648e+00,4.089592e-02,-1.133161e-03,-2.307358e-03
162.50,-5.014522e+00,4.089507e-02,-1.133227e-03,-2.274116e-03
163.00,-5.014234e+00,4.089352e-02,-1.133272e-03,-2.241102e-03
163.50,-5.013772e+00,4.089124e-02,-1.133293e-03,-2.208456e-03
164.00,-5.013189e+00,4.088837e-02,-1.133297e-03,-2.175767e-03
164.50,-5.012442e+00,4.088482e-02,-1.133278e-03,-2.143448e-03
165.00,-5.011550e+00,4.088064e-02,-1.133240e-03,-2.111364e-03
165.50,-5.010518e+00,4.087585e-02,-1.133182e-03,-2.079516e-03
166.00,-5.009350e+00,4.087047e-02,-1.133106e-03,-2.047905e-03
166.50,-5.008051e+00,4.086451e-02,-1.133011e-03,-2.016531e-03
167.00,-5.006624e+00,4.085800e-02,-1.132899e-03,-1.985396e-03
167.50,-5.005074e+00,4.085095e-02,-1.132769e-03,-1.954500e-03
168.00,-5.003404e+00,4.084337e-02,-1.132623e-03,-1.923843e-03
168.50,-5.001618e+00,4.083529e-02,-1.132460e-03,-1.893426e-03
169.00,-4.999719e+00,4.082671e-02,-1.132282e-03,-1.863249e-03
169.50,-4.997712e+00,4.081766e-02,-1.132088e-03,-1.833313e-03
170.00,-4.995600e+00,4.080814e-02,-1.131879e-03,-1.803616e-03
170.50,-4.993386e+00,4.079818e-02,-1.131656e-03,-1.774159e-03
171.00,-4.991074e+00,4.078779e-02,-1.131419e-03,-1.744943e-03
171.50,-4.988666e+00,4.077697e-02,-1.131169e-03,-1.715965e-03
172.00,-4.986166e+00,4.076576e-02,-1.130905e-03,-1.687227e-03
172.50,-4.983578e+00,4.075415e-02,-1.130628e-03,-1.658728e-03
173.00,-4.980903e+00,4.074216e-02,-1.130339e-03,-1.630466e-03
173.50,-4.978146e+00,4.072980e-02,-1.130038e-03,-1.602442e-03
174.00,-4.975308e+00,4.071709e-02,-1.129725e-03,-1.574655e-03
174.50,-4.972393e+00,4.070404e-02,-1.129400e-03,-1.547103e-03
175.00,-4.969404e+00,4.069066e-02,-1.129065e-03,-1.519787e-03
175.50,-4.966342e+00,4.067696e-02,-1.128719e-03,-1.492705e-03
176.00,-4.963212e+00,4.066295e-02,-1.128363e-03,-1.465857e-03
176.50,-4.960014e+00,4.064865e-02,-1.127997e-03,-1.439240e-03
177.00,-4.956752e+00,4.063406e-02,-1.127621e-03,-1.412855e-03
177.50,-4.953428e+00,4.061920e-02,-1.127236e-03,-1.386701e-03
178.00,-4.950045e+00,4.060407e-02,-1.126842e-03,-1.360775e-03
178.50,-4.946604e+00,4.058868e-02,-1.126439e-03,-1.335077e-03
179.00,-4.943108e+00,4.057305e-02,-1.126027e-03,-1.309605e-03
179.50,-4.939559e+00,4.055718e-02,-1.125608e-03,-1.284359e-03
180.00,-4.935959e+00,4.054108e-02,-1.125180e-03,-1.259338e-03
180.50,-4.932310e+00,4.052477e-02,-1.124745e-03,-1.234538e-03
181.00,-4.928614e+00,4.050825e-02,-1.124302e-03,-1.209961e-03
181.50,-4.924873e+00,4.049152e-02,-1.123853e-03,-1.185603e-03
182.00,-4.921090e+00,4.047460e-02,-1.123396e-03,-1.161464e-03
182.50,-4.917265e+00,4.045750e-02,-1.122933e-03,-1.137541e-03
183.00,-4.913401e+00,4.044022e-02,-1.122464e-03,-1.113835e-03
183.50,-4.909499e+00,4.042277e-02,-1.121988e-03,-1.090343e-03
184.00,-4.905561e+00,4.040515e-02,-1.121507e-03,-1.067063e-03
184.50,-4.901588e+00,4.038738e-02,-1.121019e-03,-1.043995e-03
185.00,-4.897583e+00,4.036947e-02,-1.120527e-03,-1.021137e-03
185.50,-4.893547e+00,4.035141e-02,-1.120029e-03,-9.984861e-04
186.00,-4.889481e+00,4.033322e-02,-1.119525e-03,-9.760422e-04
186.50,-4.885387e+00,4.031490e-02,-1.119017e-03,-9.538033e-04
187.00,-4.881266e+00,4.029645e-02,-1.118505e-03,-9.317678e-04
187.50,-4.877120e+00,4.027790e-02,-1.117988e-03,-9.099342e-04
188.00,-4.872950e+00,4.025923e-02,-1.117466e-03,-8.883008e-04
188.50,-4.868757e+00,4.024045e-02,-1.116941e-03,-8.668660e-04
189.00,-4.864542e+00,4.022158e-02,-1.116411e-03,-8.456282e-04
189.50,-4.860308e+00,4.020262e-02,-1.115878e-03,-8.245858e-04
190.00,-4.856054e+00,4.018357e-02,-1.115342e-03,-8.037372e-04
190.50,-4.851783e+00,4.016444e-02,-1.114801e-03,-7.830808e-04
191.00,-4.847495e+00,4.014523e-02,-1.114258e-03,-7.626149e-04
191.50,-4.843192e+00,4.012594e-02,-1.113711e-03,-7.423380e-04
192.00,-4.838874e+00,4.010659e-02,-1.113162e-03,-7.222483e-04
192.50,-4.834543e+00,4.008718e-02,-1.112609e-03,-7.023443e-04
193.00,-4.830199e+00,4.006771e-02,-1.112054e-03,-6.826243e-04
193.50,-4.825844e+00,4.004818e-02,-1.111497e-03,-6.630868e-04
194.00,-4.821478e+00,4.002860e-02,-1.110937e-03,-6.437300e-04
194.50,-4.817103e+00,4.000898e-02,-1.110375e-03,-6.245525e-04
195.00,-4.812720e+00,3.998932e-02,-1.109811e-03,-6.055525e-04
195.50,-4.808328e+00,3.996962e-02,-1.109244e-03,-5.867285e-04
196.00,-4.803930e+00,3.994988e-02,-1.108676e-03,-5.680789e-04
196.50,-4.799526e+00,3.993012e-02,-1.108106e-03,-5.496021e-04
197.00,-4.795116e+00,3.991033e-02,-1.107535e-03,-5.312964e-04
197.50,-4.790702e+00,3.989051e-02,-1.106962e-03,-5.131603e-04
198.00,-4.786284e+00,3.987068e-02,-1.106387e-03,-4.951923e-04
198.50,-4.781864e+00,3.985082e-02,-1.105812e-03,-4.773906e-04
199.00,-4.777441e+00,3.983096e-02,-1.105235e-03,-4.597539e-04
199.50,-4.773016e+00,3.981108e-02,-1.104657e-03,-4.422805e-04
200.00,-4.768591e+00,3.979120e-02,-1.104078e-03,-4.249689e-04
200.50,-4.764165e+00,3.977131e-02,-1.103498e-03,-4.078175e-04
201.00,-4.759725e+00,3.975139e-02,-1.102915e-03,-3.909501e-04
201.50,-4.755315e+00,3.973154e-02,-1.102336e-03,-3.739893e-04
202.00,-4.750892e+00,3.971165e-02,-1.101754e-03,-3.573095e-04
202.50,-4.746471e+00,3.969177e-02,-1.101171e-03,-3.407839e-04
203.00,-4.742053e+00,3.967191e-02,-1.100588e-03,-3.244109e-04
203.50,-4.737638e+00,3.965205e-02,-1.100005e-03,-3.081892e-04
204.00,-4.733226e+00,3.963220e-02,-1.099421e-03,-2.921171e-04
204.50,-4.728819e+00,3.961237e-02,-1.098837e-03,-2.761934e-04
205.00,-4.724417e+00,3.959256e-02,-1.098253e-03,-2.604164e-04
205.50,-4.720020e+00,3.957277e-02,-1.097669e-03,-2.447849e-04
206.00,-4.715628e+00,3.955301e-02,-1.097085e-03,-2.292972e-04
206.50,-4.711242e+00,3.953326e-02,-1.096501e-03,-2.139521e-04
207.00,-4.706863e+00,3.951354e-02,-1.095917e-03,-1.987481e-04
207.50,-4.702491e+00,3.949385e-02,-1.095334e-03,-1.836839e-04
208.00,-4.698126e+00,3.947419e-02,-1.094750e-03,-1.687579e-04
208.50,-4.693769e+00,3.945456e-02,-1.094167e-03,-1.539690e-04
209.00,-4.689420e+00,3.943497e-02,-1.093585e-03,-1.393156e-04
209.50,-4.685079e+00,3.941540e-02,-1.093002e-03,-1.247965e-04
210.00,-4.680747e+00,3.939588e-02,-1.092421e-03,-1.104103e-04
210.50,-4.676423e+00,3.937639e-02,-1.091840e-03,-9.615576e-05
211.00,-4.672110e+00,3.935694e-02,-1.091259e-03,-8.203144e-05
211.50,-4.667806e+00,3.933753e-02,-1.090679e-03,-6.803610e-05
212.00,-4.663512e+00,3.931817e-02,-1.090100e-03,-5.416843e-05
212.50,-4.659228e+00,3.929885e-02,-1.089522e-03,-4.042718e-05
213.00,-4.654954e+00,3.927957e-02,-1.088945e-03,-2.681105e-05
213.50,-4.650692e+00,3.926034e-02,-1.088368e-03,-1.331881e-05
214.00,-4.646441e+00,3.924115e-02,-1.087792e-03,5.079818e-08
214.50,-4.642200e+00,3.922202e-02,-1.087218e-03,1.329900e-05
215.00,-4.637972e+00,3.920293e-02,-1.086644e-03,2.642701e-05
215.50,-4.633755e+00,3.918389e-02,-1.086071e-03,3.943605e-05
216.00,-4.629550e+00,3.916490e-02,-1.085499e-03,5.232730e-05
216.50,-4.625358e+00,3.914597e-02,-1.084929e-03,6.510196e-05
217.00,-4.621177e+00,3.912709e-02,-1.084359e-03,7.776118e-05
217.50,-4.617010e+00,3.910826e-02,-1.083791e-03,9.030614e-05
218.00,-4.612855e+00,3.908949e-02,-1.083224e-03,1.027380e-04
218.50,-4.608713e+00,3.907077e-02,-1.082658e-03,1.150578e-04
219.00,-4.604584e+00,3.905211e-02,-1.082094e-03,1.272668e-04
219.50,-4.600468e+00,3.903351e-02,-1.081530e-03,1.393661e-04
220.00,-4.596366e+00,3.901497e-02,-1.080968e-03,1.513567e-04
220.50,-4.592278e+00,3.899648e-02,-1.080408e-03,1.632398e-04
221.00,-4.588203e+00,3.897806e-02,-1.079849e-03,1.750164e-04
221.50,-4.584142e+00,3.895969e-02,-1.079291e-03,1.866876e-04
222.00,-4.580095e+00,3.894139e-02,-1.078735e-03,1.982544e-04
222.50,-4.576062e+00,3.892314e-02,-1.078180e-03,2.097179e-04
223.00,-4.572043e+00,3.890496e-02,-1.077626e-03,2.210792e-04
223.50,-4.568039e+00,3.888684e-02,-1.077074e-03,2.323392e-04
224.00,-4.564049e+00,3.886878e-02,-1.076524e-03,2.434990e-04
224.50,-4.560060e+00,3.885076e-02,-1.075973e-03,2.544411e-04
225.00,-4.556112e+00,3.883286e-02,-1.075428e-03,2.655218e-04
225.50,-4.552166e+00,3.881499e-02,-1.074882e-03,2.763868e-04
226.00,-4.548222e+00,3.879716e-02,-1.074336e-03,2.870375e-04
226.50,-4.544319e+00,3.877945e-02,-1.073796e-03,2.978289e-04
227.00,-4.540417e+00,3.876178e-02,-1.073255e-03,3.084078e-04
227.50,-4.536530e+00,3.874417e-02,-1.072716e-03,3.188933e-04
228.00,-4.532659e+00,3.872663e-02,-1.072179e-03,3.292862e-04
228.50,-4.528803e+00,3.870916e-02,-1.071643e-03,3.395875e-04
229.00,-4.524962e+00,3.869175e-02,-1.071109e-03,3.497981e-04
229.50,-4.521136e+00,3.867441e-02,-1.070577e-03,3.599189e-04
230.00,-4.517325e+00,3.865714e-02,-1.070046e-03,3.699506e-04
230.50,-4.513530e+00,3.863993e-02,-1.069517e-03,3.798944e-04
231.00,-4.509750e+00,3.862280e-02,-1.068990e-03,3.897509e-04
231.50,-4.505985e+00,3.860572e-02,-1.068465e-03,3.995210e-04
232.00,-4.502236e+00,3.858872e-02,-1.067942e-03,4.092056e-04
232.50,-4.498503e+00,3.857179e-02,-1.067420e-03,4.188055e-04
233.00,-4.494784e+00,3.855492e-02,-1.066900e-03,4.283216e-04
233.50,-4.491082e+00,3.853812e-02,-1.066382e-03,4.377546e-04
234.00,-4.487395e+00,3.852139e-02,-1.065866e-03,4.471054e-04
234.50,-4.483723e+00,3.850473e-02,-1.065351e-03,4.563747e-04
235.00,-4.480067e+00,3.848814e-02,-1.064838e-03,4.655633e-04
235.50,-4.476427e+00,3.847161e-02,-1.064328e-03,4.746721e-04
236.00,-4.472802e+00,3.845515e-02,-1.063819e-03,4.837017e-04
236.50,-4.469193e+00,3.843877e-02,-1.063312e-03,4.926529e-04
237.00,-4.465599e+00,3.842245e-02,-1.062806e-03,5.015266e-04
237.50,-4.462021e+00,3.840620e-02,-1.062303e-03,5.103233e-04
238.00,-4.458459e+00,3.839002e-02,-1.061802e-03,5.190439e-04
238.50,-4.454912e+00,3.837391e-02,-1.061302e-03,5.276890e-04
239.00,-4.451380e+00,3.835787e-02,-1.060804e-03,5.362595e-04
239.50,-4.447865e+00,3.834189e-02,-1.060308e-03,5.447559e-04
240.00,-4.444364e+00,3.832599e-02,-1.059814e-03,5.531790e-04
240.50,-4.440880e+00,3.831015e-02,-1.059322e-03,5.615295e-04
241.00,-4.437410e+00,3.829438e-02,-1.058832e-03,5.698080e-04
241.50,-4.433957e+00,3.827868e-02,-1.058344e-03,5.780152e-04
242.00,-4.430519e+00,3.826305e-02,-1.057857e-03,5.861518e-04
242.50,-4.427096e+00,3.824749e-02,-1.057373e-03,5.942184e-04
243.00,-4.423689e+00,3.823200e-02,-1.056890e-03,6.022157e-04
243.50,-4.420297e+00,3.821657e-02,-1.056409e-03,6.101442e-04
244.00,-4.416920e+00,3.820122e-02,-1.055931e-03,6.180048e-04
244.50,-4.413559e+00,3.818593e-02,-1.055454e-03,6.257978e-04
245.00,-4.410213e+00,3.817071e-02,-1.054979e-03,6.335241e-04
245.50,-4.406883e+00,3.815556e-02,-1.054505e-03,6.411841e-04
246.00,-4.403568e+00,3.814047e-02,-1.054034e-03,6.487785e-04
246.50,-4.400268e+00,3.812546e-02,-1.053565e-03,6.563078e-04
247.00,-4.396983e+00,3.811051e-02,-1.053098e-03,6.637727e-04
247.50,-4.393713e+00,3.809563e-02,-1.052632e-03,6.711737e-04
248.00,-4.390459e+00,3.808081e-02,-1.052168e-03,6.785113e-04
248.50,-4.387219e+00,3.806606e-02,-1.051707e-03,6.857862e-04
249.00,-4.383995e+00,3.805138e-02,-1.051247e-03,6.929989e-04
249.50,-4.380786e+00,3.803677e-02,-1.050789e-03,7.001500e-04
250.00,-4.377591e+00,3.802222e-02,-1.050333e-03,7.072399e-04
250.50,-4.374412e+00,3.800775e-02,-1.049879e-03,7.142692e-04
251.00,-4.371247e+00,3.799333e-02,-1.049427e-03,7.212384e-04
251.50,-4.368098e+00,3.797898e-02,-1.048976e-03,7.281481e-04
252.00,-4.364963e+00,3.796470e-02,-1.048528e-03,7.349987e-04
252.50,-4.361843e+00,3.795049e-02,-1.048081e-03,7.417907e-04
253.00,-4.358737e+00,3.793634e-02,-1.047636e-03,7.485247e-04
253.50,-4.355646e+00,3.792225e-02,-1.047194e-03,7.552012e-04
254.00,-4.352570e+00,3.790823e-02,-1.046753e-03,7.618205e-04
254.50,-4.349508e+00,3.789428e-02,-1.046314e-03,7.683833e-04
255.00,-4.346461e+00,3.788039e-02,-1.045876e-03,7.748899e-04
255.50,-4.343429e+00,3.786657e-02,-1.045441e-03,7.813408e-04
256.00,-4.340410e+00,3.785281e-02,-1.045007e-03,7.877365e-04
256.50,-4.337406e+00,3.783911e-02,-1.044576e-03,7.940774e-04
257.00,-4.334417e+00,3.782548e-02,-1.044146e-03,8.003639e-04
257.50,-4.331441e+00,3.781191e-02,-1.043718e-03,8.065966e-04
258.00,-4.328480e+00,3.779840e-02,-1.043292e-03,8.127758e-04
258.50,-4.325533e+00,3.778496e-02,-1.042868e-03,8.189019e-04
259.00,-4.322600e+00,3.777158e-02,-1.042445e-03,8.249754e-04
259.50,-4.319681e+00,3.775827e-02,-1.042025e-03,8.309967e-04
260.00,-4.316776e+00,3.774501e-02,-1.041606e-03,8.369661e-04
260.50,-4.313885e+00,3.773182e-02,-1.041189e-03,8.428842e-04
261.00,-4.311008e+00,3.771870e-02,-1.040774e-03,8.487511e-04
261.50,-4.308144e+00,3.770563e-02,-1.040360e-03,8.545675e-04
262.00,-4.305295e+00,3.769262e-02,-1.039949e-03,8.603335e-04
262.50,-4.302459e+00,3.767968e-02,-1.039539e-03,8.660497e-04
263.00,-4.299636e+00,3.766680e-02,-1.039131e-03,8.717163e-04
263.50,-4.296828e+00,3.765398e-02,-1.038725e-03,8.773338e-04
264.00,-4.294032e+00,3.764122e-02,-1.038320e-03,8.829024e-04
264.50,-4.291251e+00,3.762852e-02,-1.037918e-03,8.884226e-04
265.00,-4.288482e+00,3.761588e-02,-1.037517e-03,8.938946e-04
265.50,-4.285727e+00,3.760330e-02,-1.037118e-03,8.993189e-04
266.00,-4.282986e+00,3.759078e-02,-1.036720e-03,9.046956e-04
266.50,-4.280257e+00,3.757831e-02,-1.036325e-03,9.100253e-04
267.00,-4.277542e+00,3.756591e-02,-1.035931e-03,9.153081e-04
267.50,-4.274839e+00,3.755357e-02,-1.035539e-03,9.205445e-04
268.00,-4.272150e+00,3.754129e-02,-1.035149e-03,9.257346e-04
268.50,-4.269474e+00,3.752906e-02,-1.034760e-03,9.308789e-04
269.00,-4.266811e+00,3.751689e-02,-1.034373e-03,9.359776e-04
269.50,-4.264161e+00,3.750479e-02,-1.033988e-03,9.410309e-04
270.00,-4.261523e+00,3.749273e-02,-1.033605e-03,9.460393e-04
270.50,-4.258898e+00,3.748074e-02,-1.033223e-03,9.510029e-04
271.00,-4.256286e+00,3.746880e-02,-1.032843e-03,9.559220e-04
271.50,-4.253687e+00,3.745692e-02,-1.032464e-03,9.607969e-04
272.00,-4.251100e+00,3.744510e-02,-1.032088e-03,9.656279e-04
272.50,-4.248525e+00,3.743333e-02,-1.031713e-03,9.704152e-04
273.00,-4.245952e+00,3.742160e-02,-1.031336e-03,9.750503e-04
273.50,-4.243414e+00,3.740997e-02,-1.030968e-03,9.798597e-04
274.00,-4.240877e+00,3.739837e-02,-1.030598e-03,9.845174e-04
274.50,-4.238352e+00,3.738683e-02,-1.030229e-03,9.891324e-04
275.00,-4.235839e+00,3.737534e-02,-1.029863e-03,9.937049e-04
275.50,-4.233339e+00,3.736391e-02,-1.029498e-03,9.982351e-04
276.00,-4.230850e+00,3.735253e-02,-1.029134e-03,1.002723e-03
276.50,-4.228374e+00,3.734120e-02,-1.028772e-03,1.007170e-03
277.00,-4.225910e+00,3.732993e-02,-1.028412e-03,1.011574e-03
277.50,-4.223457e+00,3.731872e-02,-1.028054e-03,1.015937e-03
278.00,-4.221017e+00,3.730756e-02,-1.027697e-03,1.020259e-03
278.50,-4.218588e+00,3.729645e-02,-1.027342e-03,1.024540e-03
279.00,-4.216171e+00,3.728539e-02,-1.026988e-03,1.028780e-03
279.50,-4.213765e+00,3.727439e-02,-1.026636e-03,1.032979e-03
280.00,-4.211372e+00,3.726344e-02,-1.026285e-03,1.037138e-03
280.50,-4.208990e+00,3.725254e-02,-1.025936e-03,1.041256e-03
281.00,-4.206619e+00,3.724170e-02,-1.025589e-03,1.045335e-03
281.50,-4.204260e+00,3.723090e-02,-1.025243e-03,1.049372e-03
282.00,-4.201912e+00,3.722016e-02,-1.024899e-03,1.053371e-03
282.50,-4.199576e+00,3.720947e-02,-1.024556e-03,1.057329e-03
283.00,-4.197251e+00,3.719883e-02,-1.024215e-03,1.061247e-03
283.50,-4.194937e+00,3.718825e-02,-1.023875e-03,1.065126e-03
284.00,-4.192634e+00,3.717771e-02,-1.023537e-03,1.068966e-03
284.50,-4.190343e+00,3.716722e-02,-1.023201e-03,1.072766e-03
285.00,-4.188062e+00,3.715678e-02,-1.022866e-03,1.076527e-03
285.50,-4.185793e+00,3.714640e-02,-1.022532e-03,1.080248e-03
286.00,-4.183534e+00,3.713606e-02,-1.022200e-03,1.083931e-03
286.50,-4.181286e+00,3.712577e-02,-1.021870e-03,1.087575e-03
287.00,-4.179050e+00,3.711554e-02,-1.021541e-03,1.091180e-03
287.50,-4.176824e+00,3.710535e-02,-1.021213e-03,1.094746e-03
288.00,-4.174608e+00,3.709521e-02,-1.020887e-03,1.098273e-03
288.50,-4.172404e+00,3.708512e-02,-1.020562e-03,1.101761e-03
289.00,-4.170210e+00,3.707507e-02,-1.020239e-03,1.105211e-03
289.50,-4.168026e+00,3.706508e-02,-1.019918e-03,1.108622e-03
290.00,-4.165853e+00,3.705513e-02,-1.019597e-03,1.111995e-03
290.50,-4.163691e+00,3.704523e-02,-1.019279e-03,1.115329e-03
291.00,-4.161539e+00,3.703538e-02,-1.018961e-03,1.118624e-03
291.50,-4.159397e+00,3.702557e-02,-1.018646e-03,1.121881e-03
292.00,-4.157266e+00,3.701582e-02,-1.018331e-03,1.125100e-03
292.50,-4.155144e+00,3.700611e-02,-1.018018e-03,1.128279e-03
293.00,-4.153033e+00,3.699644e-02,-1.017707e-03,1.131420e-03
293.50,-4.150933e+00,3.698682e-02,-1.017396e-03,1.134523e-03
294.00,-4.148842e+00,3.697725e-02,-1.017088e-03,1.137586e-03
294.50,-4.146761e+00,3.696772e-02,-1.016780e-03,1.140611e-03
295.00,-4.144690e+00,3.695824e-02,-1.016474e-03,1.143597e-03
295.50,-4.142630e+00,3.694881e-02,-1.016170e-03,1.146545e-03
296.00,-4.140579e+00,3.693942e-02,-1.015866e-03,1.149453e-03
296.50,-4.138538e+00,3.693007e-02,-1.015565e-03,1.152323e-03
297.00,-4.136506e+00,3.692077e-02,-1.015264e-03,1.155153e-03
297.50,-4.134485e+00,3.691152e-02,-1.014965e-03,1.157944e-03
298.00,-4.132473e+00,3.690231e-02,-1.014667e-03,1.160695e-03
298.50,-4.130471e+00,3.689314e-02,-1.014371e-03,1.163407e-03
299.00,-4.128478e+00,3.688402e-02,-1.014076e-03,1.166080e-03
299.50,-4.126495e+00,3.687494e-02,-1.013782e-03,1.168712e-03
300.00,-4.124521e+00,3.686590e-02,-1.013490e-03,1.171305e-03
300.50,-4.122557e+00,3.685691e-02,-1.013199e-03,1.173857e-03
301.00,-4.120592e+00,3.684794e-02,-1.012906e-03,1.176264e-03
301.50,-4.118657e+00,3.683906e-02,-1.012621e-03,1.178840e-03
302.00,-4.116721e+00,3.683019e-02,-1.012334e-03,1.181271e-03
302.50,-4.114794e+00,3.682137e-02,-1.012048e-03,1.183660e-03
303.00,-4.112877e+00,3.681260e-02,-1.011763e-03,1.186008e-03
303.50,-4.110968e+00,3.680386e-02,-1.011480e-03,1.188315e-03
304.00,-4.109069e+00,3.679517e-02,-1.011198e-03,1.190579e-03
304.50,-4.107178e+00,3.678652e-02,-1.010917e-03,1.192802e-03
305.00,-4.105287e+00,3.677788e-02,-1.010635e-03,1.194877e-03
305.50,-4.103425e+00,3.676934e-02,-1.010360e-03,1.197118e-03
306.00,-4.101562e+00,3.676081e-02,-1.010083e-03,1.199212e-03
306.50,-4.099707e+00,3.675233e-02,-1.009808e-03,1.201262e-03
307.00,-4.097862e+00,3.674388e-02,-1.009533e-03,1.203268e-03
307.50,-4.096025e+00,3.673548e-02,-1.009260e-03,1.205229e-03
308.00,-4.094197e+00,3.672711e-02,-1.008988e-03,1.207145e-03
308.50,-4.092378e+00,3.671879e-02,-1.008718e-03,1.209016e-03
309.00,-4.090567e+00,3.671051e-02,-1.008448e-03,1.210841e-03
309.50,-4.088766e+00,3.670227e-02,-1.008180e-03,1.212620e-03
310.00,-4.086972e+00,3.669407e-02,-1.007913e-03,1.214351e-03
310.50,-4.085188e+00,3.668590e-02,-1.007647e-03,1.216035e-03
311.00,-4.083412e+00,3.667778e-02,-1.007383e-03,1.217671e-03
311.50,-4.081644e+00,3.666970e-02,-1.007120e-03,1.219258e-03
312.00,-4.079885e+00,3.666166e-02,-1.006857e-03,1.220795e-03
312.50,-4.078134e+00,3.665365e-02,-1.006597e-03,1.222282e-03
313.00,-4.076392e+00,3.664569e-02,-1.006337e-03,1.223718e-03
313.50,-4.074658e+00,3.663776e-02,-1.006078e-03,1.225102e-03
314.00,-4.072932e+00,3.662988e-02,-1.005821e-03,1.226434e-03
314.50,-4.071215e+00,3.662203e-02,-1.005564e-03,1.227712e-03
315.00,-4.069506e+00,3.661422e-02,-1.005309e-03,1.228936e-03
315.50,-4.067805e+00,3.660645e-02,-1.005055e-03,1.230105e-03
316.00,-4.066112e+00,3.659872e-02,-1.004803e-03,1.231217e-03
316.50,-4.064428e+00,3.659103e-02,-1.004551e-03,1.232272e-03
317.00,-4.062752e+00,3.658337e-02,-1.004300e-03,1.233268e-03
317.50,-4.061083e+00,3.657576e-02,-1.004051e-03,1.234205e-03
318.00,-4.059423e+00,3.656818e-02,-1.003803e-03,1.235081e-03
318.50,-4.057771e+00,3.656064e-02,-1.003555e-03,1.235895e-03
319.00,-4.056127e+00,3.655314e-02,-1.003309e-03,1.236646e-03
319.50,-4.054491e+00,3.654567e-02,-1.003064e-03,1.237332e-03
320.00,-4.052862e+00,3.653825e-02,-1.002820e-03,1.237952e-03
320.50,-4.051242e+00,3.653086e-02,-1.002578e-03,1.238503e-03
321.00,-4.049630e+00,3.652351e-02,-1.002336e-03,1.238986e-03
321.50,-4.048025e+00,3.651619e-02,-1.002095e-03,1.239397e-03
322.00,-4.046429e+00,3.650892e-02,-1.001856e-03,1.239736e-03
322.50,-4.044840e+00,3.650168e-02,-1.001617e-03,1.240000e-03
323.00,-4.043259e+00,3.649448e-02,-1.001379e-03,1.240187e-03
323.50,-4.041686e+00,3.648732e-02,-1.001143e-03,1.240295e-03
324.00,-4.040121e+00,3.648019e-02,-1.000907e-03,1.240322e-03
324.50,-4.038563e+00,3.647311e-02,-1.000673e-03,1.240266e-03
325.00,-4.037013e+00,3.646606e-02,-1.000439e-03,1.240124e-03
325.50,-4.035471e+00,3.645905e-02,-1.000207e-03,1.239893e-03
326.00,-4.033937e+00,3.645207e-02,-9.999753e-04,1.239572e-03
326.50,-4.032411e+00,3.644514e-02,-9.997447e-04,1.239156e-03
327.00,-4.030892e+00,3.643824e-02,-9.995151e-04,1.238644e-03
327.50,-4.029381e+00,3.643138e-02,-9.992864e-04,1.238031e-03
328.00,-4.027878e+00,3.642456e-02,-9.990585e-04,1.237315e-03
328.50,-4.026383e+00,3.641777e-02,-9.988316e-04,1.236491e-03
329.00,-4.024895e+00,3.641103e-02,-9.986055e-04,1.235556e-03
329.50,-4.023415e+00,3.640432e-02,-9.983803e-04,1.234507e-03
330.00,-4.021943e+00,3.639765e-02,-9.981559e-04,1.233338e-03
330.50,-4.020469e+00,3.639100e-02,-9.979289e-04,1.231942e-03
331.00,-4.019022e+00,3.638443e-02,-9.977095e-04,1.230623e-03
331.50,-4.017574e+00,3.637788e-02,-9.974875e-04,1.229067e-03
332.00,-4.016133e+00,3.637137e-02,-9.972661e-04,1.227373e-03
332.50,-4.014700e+00,3.636490e-02,-9.970454e-04,1.225533e-03
333.00,-4.013276e+00,3.635847e-02,-9.968253e-04,1.223542e-03
333.50,-4.011859e+00,3.635208e-02,-9.966058e-04,1.221393e-03
334.00,-4.010450e+00,3.634573e-02,-9.963869e-04,1.219079e-03
334.50,-4.009050e+00,3.633942e-02,-9.961684e-04,1.216593e-03
335.00,-4.007657e+00,3.633315e-02,-9.959504e-04,1.213927e-03
335.50,-4.006263e+00,3.632691e-02,-9.957293e-04,1.210969e-03
336.00,-4.004898e+00,3.632075e-02,-9.955154e-04,1.208018e-03
336.50,-4.003530e+00,3.631461e-02,-9.952982e-04,1.204756e-03
337.00,-4.002172e+00,3.630852e-02,-9.950811e-04,1.201277e-03
337.50,-4.000822e+00,3.630247e-02,-9.948640e-04,1.197567e-03
338.00,-3.999481e+00,3.629647e-02,-9.946469e-04,1.193616e-03
338.50,-3.998149e+00,3.629052e-02,-9.944295e-04,1.189409e-03
339.00,-3.996826e+00,3.628461e-02,-9.942117e-04,1.184933e-03
339.50,-3.995513e+00,3.627876e-02,-9.939934e-04,1.180173e-03
340.00,-3.994209e+00,3.627295e-02,-9.937743e-04,1.175113e-03
340.50,-3.992915e+00,3.626720e-02,-9.935544e-04,1.169733e-03
341.00,-3.991631e+00,3.626149e-02,-9.933332e-04,1.164016e-03
341.50,-3.990358e+00,3.625585e-02,-9.931106e-04,1.157941e-03
342.00,-3.989095e+00,3.625026e-02,-9.928863e-04,1.151484e-03
342.50,-3.987844e+00,3.624473e-02,-9.926598e-04,1.144622e-03
343.00,-3.986604e+00,3.623926e-02,-9.924309e-04,1.137327e-03
343.50,-3.985377e+00,3.623385e-02,-9.921991e-04,1.129571e-03
344.00,-3.984162e+00,3.622851e-02,-9.919637e-04,1.121322e-03
344.50,-3.982960e+00,3.622323e-02,-9.917243e-04,1.112545e-03
345.00,-3.981773e+00,3.621803e-02,-9.914801e-04,1.103203e-03
345.50,-3.980600e+00,3.621291e-02,-9.912303e-04,1.093253e-03
346.00,-3.979444e+00,3.620786e-02,-9.909740e-04,1.082650e-03
346.50,-3.978304e+00,3.620290e-02,-9.907101e-04,1.071344e-03
347.00,-3.977182e+00,3.619803e-02,-9.904373e-04,1.059280e-03
347.50,-3.976080e+00,3.619325e-02,-9.901541e-04,1.046396e-03
348.00,-3.974999e+00,3.618858e-02,-9.898589e-04,1.032627e-03
348.50,-3.973941e+00,3.618401e-02,-9.895494e-04,1.017896e-03
349.00,-3.972907e+00,3.617956e-02,-9.892234e-04,1.002122e-03
349.50,-3.971902e+00,3.617524e-02,-9.888779e-04,9.852132e-04
350.00,-3.970927e+00,3.617106e-02,-9.885094e-04,9.670673e-04
